%YAML:1.0
camera_model:
  width: 640
  height: 480
  fx: 5.2534661865234375e+02
  fy: 5.2295953369140625e+02
  s: 0.
  xc: 3.1649053955078125e+02
  yc: 2.4370954895019531e+02
  extr: !!opencv-matrix
      rows: 4
      cols: 4
      dt: f
      data: [ 9.97292697e-01, 7.29211271e-02, -9.49144270e-03,
          -3.75461578e-01, 3.20247933e-02, -5.46873748e-01,
          -8.36602449e-01, 7.67884478e-02, -6.61966056e-02,
          8.34033370e-01, -5.47728539e-01, 1.28529191e+00, 0., 0., 0.,
          1. ]
